50 50
32 2 76 1 24 38 91 77 91 91 60 79 27 23 50 54 84 100 89 41 52 80 72 5 64 75 76 70 79 100 48 13 72 23 54 2 32 33 76 80 23 68 20 89 61 63 60 94 18 37
64 17 90 30 37 52 54 53 51 55 23 55 30 12 94 91 84 30 34 31 1 72 52 54 40 78 82 73 96 19 29 87 75 76 52 3 90 92 99 83 47 91 12 3 44 71 97 59 72 36
5 21 5 65 39 1 2 72 34 35 16 70 14 73 65 69 8 79 96 6 30 36 93 10 5 89 83 19 51 14 77 36 63 21 98 47 70 5 6 13 67 40 57 30 7 91 61 50 49 73
64 86 7 57 80 93 76 44 16 92 89 69 28 47 33 58 24 51 75 71 53 85 20 68 85 11 78 35 37 7 27 15 20 77 25 78 58 63 46 38 58 96 81 45 98 98 95 74 70 92
72 70 64 42 56 19 10 62 2 45 92 24 89 43 23 22 25 27 72 52 64 93 35 30 69 58 81 100 81 28 47 45 43 1 51 8 61 66 35 1 37 81 32 2 70 63 45 1 45 90
19 54 37 4 90 81 63 15 42 41 35 90 31 15 46 89 48 19 71 84 73 44 44 16 68 47 60 47 34 67 66 4 95 96 30 56 0 79 39 48 63 36 59 16 48 88 21 14 21 19
32 70 15 14 52 33 89 91 20 80 25 30 42 65 1 1 82 88 58 67 49 55 77 75 31 36 84 0 10 81 41 66 98 23 54 90 45 57 99 62 71 15 97 81 63 85 71 0 16 32
77 10 34 7 64 87 92 48 79 10 85 41 15 1 7 17 76 46 30 67 2 24 66 52 10 92 6 10 23 68 5 74 21 94 5 77 81 92 73 23 43 16 40 39 66 44 38 20 50 70
83 27 21 100 44 47 71 29 23 98 22 89 28 7 26 50 43 48 45 45 97 35 37 76 11 7 36 74 65 23 20 100 3 55 95 67 28 82 40 11 3 20 64 87 5 89 33 18 38 8
97 45 65 32 65 36 80 48 12 29 91 21 76 32 97 69 53 64 39 58 49 0 12 92 14 40 22 17 28 20 61 69 2 11 53 67 5 11 75 37 9 93 34 2 82 38 56 73 7 70
85 56 56 55 16 62 57 69 86 88 60 18 73 10 49 33 60 29 79 68 70 81 62 74 47 32 14 16 93 4 70 89 39 48 68 28 97 57 19 3 97 98 7 1 65 26 82 27 72 81
99 67 32 75 24 84 12 93 82 39 22 4 3 65 35 25 47 83 37 60 84 26 93 96 18 89 7 25 57 82 9 49 49 53 94 20 65 66 77 86 11 33 66 34 22 85 19 2 49 70
54 31 30 52 65 10 57 90 37 2 51 44 98 70 87 21 91 34 73 64 64 94 52 24 50 2 95 73 97 7 96 55 69 38 85 88 88 13 51 29 25 25 93 71 11 44 92 17 10 82
1 36 66 15 73 95 13 44 93 92 20 96 90 85 55 61 63 96 90 16 54 32 28 0 55 84 30 1 81 34 73 76 94 21 81 73 10 51 2 53 98 46 13 65 38 28 54 61 45 76
29 77 33 4 5 56 37 55 6 6 46 30 36 73 32 28 75 61 32 46 84 87 73 66 75 11 7 87 25 53 85 57 40 67 18 78 81 93 3 76 68 30 1 6 50 14 24 50 73 86
47 8 52 37 35 62 40 59 50 55 77 93 21 7 82 59 97 62 88 75 36 76 99 32 42 99 94 93 60 7 59 48 79 20 69 81 2 28 34 23 6 25 93 29 55 75 86 98 16 58
96 23 31 71 14 18 51 37 14 65 65 53 26 92 98 13 0 14 74 63 6 14 43 30 38 79 9 73 12 70 15 34 90 50 60 75 33 56 51 95 56 54 82 10 66 89 93 94 85 61
92 33 70 47 74 1 23 45 37 79 44 47 10 84 21 29 80 97 67 16 48 99 99 68 42 21 77 60 16 40 92 9 18 82 6 100 6 21 50 75 15 48 74 16 88 74 28 7 11 36
48 73 55 30 38 28 26 85 77 41 79 95 49 16 80 83 66 55 54 74 68 35 16 81 22 56 56 44 5 95 48 12 58 95 48 89 5 82 90 16 37 74 40 30 9 91 8 85 32 70
74 60 9 9 55 41 37 62 4 72 64 93 24 44 20 63 5 23 0 97 93 40 18 35 64 68 56 45 47 11 68 9 63 74 55 74 46 84 49 65 21 0 72 0 61 4 91 66 67 38
31 57 71 73 64 40 22 69 77 57 17 50 71 49 79 86 60 34 100 66 18 66 95 81 49 54 71 97 58 84 62 65 40 1 77 71 20 31 37 6 5 58 90 8 31 85 8 31 53 27
30 27 15 29 11 74 71 82 45 5 81 38 50 19 93 88 28 33 86 34 84 69 79 62 60 14 82 8 95 87 34 89 79 70 83 28 2 11 53 30 28 54 38 83 46 6 10 97 96 89
10 15 90 22 1 54 21 1 32 64 30 43 98 46 21 0 57 90 21 22 42 12 11 7 2 44 24 87 34 55 65 31 53 67 36 95 48 20 8 49 44 51 41 29 0 53 22 50 92 85
61 95 10 78 13 60 2 87 32 44 31 40 4 19 80 64 83 90 85 2 57 99 81 22 94 24 83 6 27 48 54 87 34 55 9 11 77 93 4 30 27 63 57 97 90 76 9 55 15 10
25 78 71 46 19 2 42 46 21 21 20 70 99 46 49 35 26 10 85 16 68 37 80 33 30 44 37 40 89 62 76 95 80 80 73 42 36 5 25 90 4 49 34 28 91 0 65 18 62 7
28 87 50 12 30 8 41 11 94 34 49 2 82 76 80 25 54 90 60 41 98 88 12 2 19 35 47 89 92 100 17 40 32 99 67 58 8 3 13 56 62 12 78 74 26 2 78 44 47 95
26 6 82 95 32 74 58 13 0 62 99 87 65 81 16 45 54 70 44 0 3 46 98 3 79 15 59 10 61 23 40 88 42 50 2 36 45 44 38 16 36 55 6 19 39 54 36 59 45 49
89 78 83 72 12 32 26 91 69 44 9 18 40 80 59 11 65 45 16 73 8 79 83 26 33 77 96 98 1 31 1 10 27 52 57 43 43 19 92 27 85 43 81 38 59 23 28 89 69 47
25 3 25 31 13 67 49 90 54 83 66 70 28 31 95 27 86 39 73 25 8 9 10 30 18 0 83 74 9 2 59 85 9 93 68 3 30 48 22 74 44 58 31 74 60 11 11 16 61 32
49 39 28 51 73 28 19 88 5 35 80 65 15 46 41 27 4 20 30 69 4 69 49 54 43 17 93 32 28 9 91 26 59 69 35 47 64 25 86 27 7 94 76 84 70 63 38 58 21 48
23 71 70 13 90 32 60 9 23 35 74 41 69 94 88 40 44 16 8 24 8 88 53 33 4 83 63 81 7 24 2 47 7 89 77 53 24 56 75 37 91 92 6 9 38 44 29 6 85 82
7 67 49 5 61 45 32 40 45 80 70 100 9 92 66 36 47 38 88 87 35 19 85 23 37 83 3 85 99 78 65 52 85 39 99 31 10 22 8 22 88 49 65 48 48 93 69 16 80 51
8 92 8 59 53 21 77 92 45 86 94 9 92 88 84 9 99 45 49 86 18 53 92 2 73 55 94 39 43 79 19 77 1 21 95 87 53 97 55 79 52 58 42 82 46 79 39 64 14 89
61 57 13 72 82 66 99 70 58 87 88 48 16 69 27 17 39 0 99 95 49 61 13 53 60 77 79 100 16 82 97 75 37 32 24 78 17 26 42 16 86 19 80 79 16 25 26 97 11 43
48 74 53 91 3 84 90 33 41 75 73 3 84 0 89 95 23 92 4 80 61 48 25 50 60 2 73 98 75 40 76 34 92 23 60 73 11 95 13 7 56 1 61 29 87 50 89 37 21 7
0 79 26 64 16 81 5 53 67 64 80 37 52 13 36 23 12 36 4 71 86 95 86 77 24 35 43 50 70 26 68 56 16 18 24 9 89 65 28 88 37 26 79 30 59 27 83 64 64 21
95 8 19 17 42 97 86 25 22 51 66 80 51 9 1 50 50 89 18 45 57 37 34 71 3 73 27 55 37 88 13 78 69 100 44 9 20 82 52 53 25 95 90 59 54 35 37 5 44 29
72 3 84 42 92 26 95 18 44 17 3 69 96 64 14 89 67 85 49 67 12 77 91 19 59 100 9 93 63 55 3 10 47 15 21 82 36 21 15 49 53 92 65 33 53 76 68 35 48 37
12 80 15 34 96 7 64 46 44 82 66 76 9 49 30 83 80 79 33 100 4 94 19 39 83 38 28 8 94 75 16 32 49 42 45 66 75 92 93 44 64 37 16 59 43 36 85 29 68 46
26 4 44 67 89 50 33 44 36 61 17 32 8 14 95 63 91 95 74 2 99 84 40 4 4 4 98 95 5 74 34 5 64 77 22 3 67 54 47 94 19 48 31 81 60 20 78 83 16 25
29 39 10 21 10 48 25 97 53 55 98 48 8 20 48 78 40 52 19 81 9 55 75 16 68 31 26 35 14 71 49 98 0 0 28 9 52 89 81 28 41 68 41 54 31 18 38 70 99 96
2 50 50 31 56 99 96 7 77 78 34 64 98 85 24 80 67 54 2 73 35 9 14 58 96 99 1 66 72 11 10 37 47 3 24 59 64 56 6 43 63 87 6 54 66 23 25 25 55 65
10 65 11 94 15 34 69 57 11 10 70 78 8 56 28 68 43 42 23 54 84 52 34 31 56 34 21 63 87 24 36 55 79 66 31 7 7 79 82 50 56 24 41 87 75 79 32 79 60 25
32 94 18 83 68 83 35 99 18 69 42 41 4 14 69 28 98 49 71 14 100 52 83 97 88 35 41 7 18 97 52 57 66 53 95 54 45 45 63 83 31 85 61 21 17 16 34 81 9 55
40 67 90 12 100 25 95 52 91 95 43 69 98 91 75 12 91 79 30 66 4 89 0 35 8 100 34 63 56 16 16 35 21 6 58 63 38 33 19 54 26 27 15 17 8 10 0 18 20 55
43 1 84 76 65 91 91 52 48 87 63 62 96 10 38 98 24 32 78 78 98 11 0 72 34 64 91 3 68 94 40 41 87 7 0 89 77 10 46 65 2 40 83 12 23 99 14 29 45 41
32 78 76 14 1 90 59 25 83 94 19 11 40 73 62 20 26 0 71 57 91 5 93 64 79 92 83 99 41 50 27 64 80 29 69 18 56 2 33 32 92 2 17 85 5 0 85 22 89 96
45 99 10 60 48 19 96 56 72 9 75 68 89 78 50 20 100 77 81 36 36 10 12 98 50 20 23 9 84 78 38 60 11 66 88 26 42 2 68 41 12 0 81 37 79 4 47 95 24 11
3 80 38 43 6 28 43 96 44 89 15 89 27 18 11 68 60 95 45 70 37 72 74 18 82 49 48 13 25 64 65 18 55 9 9 55 87 94 87 87 81 49 30 69 51 28 15 84 34 16
99 91 19 46 91 31 40 44 81 36 26 52 10 90 64 40 86 82 100 87 37 87 73 56 74 34 59 80 85 71 20 79 43 18 73 72 66 71 45 66 78 51 37 89 41 61 24 85 68 39
